ovalswithflourishes lower max
mass: [1. 1. 1.]
start_pos: [[0.7162483  0.38428855 0.        ]
 [0.08617259 1.34279587 0.        ]
 [0.53877798 0.48104988 0.        ]]
start_vel: [[ 1.24526823  2.44431195  0.        ]
 [-0.67522432 -0.96287961  0.        ]
 [-0.57004391 -1.48143234  0.        ]]
f0: [ 0.7162483   0.38428855  0.          0.08617259  1.34279587  0.
  0.53877798  0.48104988  0.          1.24526823  2.44431195  0.
 -0.67522432 -0.96287961  0.         -0.57004391 -1.48143234  0.        ]
f0 shape: (18,)
solver.y at step 0: [ 0.71720429  0.3861816   0.          0.08565094  1.34205112  0.
  0.53834365  0.47990159  0.          1.22824307  2.45373099  0.
 -0.67452149 -0.96409275  0.         -0.55372158 -1.48963824  0.        ]
Step NR. 0, time of run thus far = 0.0008, timestep = 0.001093
Step NR. 100000, time of run thus far = 512.9629, timestep = 0.006598
Body 0 and 2 escaped at t=597.851
Simulation computations lasted 17.86 s
Total timesteps: 653

 output of 10 rows for each body

ovalswithflourisheslowermax_Body 0:
[[ 0.71720429  0.3861816   0.          1.22824307  2.45373099  0.        ]
 [ 0.1270651   1.36447628  0.         -1.18071931  0.43047151  0.        ]
 [-1.11258767  1.29253834  0.         -0.47716133 -0.24660761  0.        ]
 [-1.42901432  0.39242729  0.          0.2548952  -0.28182093  0.        ]
 [ 0.3151744   0.1203477   0.          1.53672455  0.4782002   0.        ]
 [ 0.73056955  0.68136821  0.         -0.47356229  1.9091443   0.        ]
 [-0.59911066  1.44084007  0.         -0.78666002 -0.08236971  0.        ]
 [-1.56085095  0.7928331   0.         -0.05977509 -0.30634243  0.        ]
 [-1.01952639  0.13820224  0.          0.55765297 -0.19577434  0.        ]
 [ 0.6921725   0.34475063  0.          1.56245824  2.18588274  0.        ]]

ovalswithflourisheslowermax_Body 1:
[[ 0.08565094  1.34205112  0.         -0.67452149 -0.96409275  0.        ]
 [ 0.13788947  0.44284578  0.          0.82272711 -0.93495864  0.        ]
 [ 1.46870892  0.88898728  0.         -0.14160568  0.67922066  0.        ]
 [ 1.49402699  0.60197594  0.          0.81077986  0.47849496  0.        ]
 [ 0.2653421   1.52819387  0.         -0.82624538 -0.62523511  0.        ]
 [ 0.00864407  1.20736761  0.         -0.52729374 -1.15758226  0.        ]
 [ 1.05605136  0.13845787  0.          1.47724455  0.50408578  0.        ]
 [ 0.98082731  1.0409565   0.         -0.16049377 -0.39691175  0.        ]
 [ 1.47975569  1.46556357  0.         -0.65338251  0.63001766  0.        ]
 [ 0.09780114  1.35896703  0.         -0.69033427 -0.93614762  0.        ]]

ovalswithflourisheslowermax_Body 2:
[[ 0.53834365  0.47990159  0.         -0.55372158 -1.48963824  0.        ]
 [ 1.07624431  0.40081224  0.          0.35799219  0.50448714  0.        ]
 [ 0.98507762  0.02660868  0.          0.61876701 -0.43261305  0.        ]
 [ 1.2761862   1.21373107  0.         -1.06567506 -0.19667403  0.        ]
 [ 0.76068237  0.55959273  0.         -0.71047917  0.14703491  0.        ]
 [ 0.60198525  0.31939849  0.          1.00085602 -0.75156204  0.        ]
 [ 0.88425817  0.62883637  0.         -0.69058453 -0.42171607  0.        ]
 [ 1.92122251  0.3743447   0.          0.22026885  0.70325418  0.        ]
 [ 0.88096957  0.6043685   0.          0.09572954 -0.43424332  0.        ]
 [ 0.55122524  0.50441665  0.         -0.87212398 -1.24973512  0.        ]]

 output of 10 rows of timestep sizes
0.000000000000000000e+00
7.497667447117123407e-01
1.570633208068086706e+00
3.057137172963105165e+00
2.480912593751667394e+00
3.631017226367294626e-01
1.362163409113721357e+00
2.543951878886341333e+00
2.381736123387470982e+00
1.662237017049832843e+00

loopendedtriangles lower max
mass: [1. 1. 1.]
start_pos: [[ 0.66616375  0.08192185  0.        ]
 [-0.02519266  0.45444858  0.        ]
 [-0.10301329 -0.7658062   0.        ]]
start_vel: [[ 0.84120298  0.02974621  0.        ]
 [ 0.14264247 -0.49231565  0.        ]
 [-0.98384545  0.46256944  0.        ]]
f0: [ 0.66616375  0.08192185  0.         -0.02519266  0.45444858  0.
 -0.10301329 -0.7658062   0.          0.84120298  0.02974621  0.
  0.14264247 -0.49231565  0.         -0.98384545  0.46256944  0.        ]
f0 shape: (18,)
solver.y at step 0: [ 0.66731495  0.08196282  0.         -0.02499585  0.45377242  0.
 -0.10436131 -0.76517101  0.          0.83854408  0.03002521  0.
  0.14453941 -0.49428365  0.         -0.98308349  0.46425844  0.        ]
Step NR. 0, time of run thus far = 0.0014, timestep = 0.006957
Collision between body 0 and 2 at t=103.718
Simulation computations lasted 9.23 s
Total timesteps: 335

 output of 10 rows for each body

loopendedtriangleslowermax_Body 0:
[[ 0.66731495  0.08196282  0.          0.83854408  0.03002521  0.        ]
 [ 0.51287135 -0.016014    0.         -1.49081058 -1.6034278   0.        ]
 [ 0.6223058  -0.5605623   0.          0.53455955 -0.43015939  0.        ]
 [ 0.0669179  -0.30914129  0.         -1.88706953  0.17920042  0.        ]
 [-0.15314233 -0.48616985  0.          0.56488703 -1.27994599  0.        ]
 [ 0.16659186  0.0028578   0.          0.12419009  1.05290297  0.        ]
 [-0.01721579  0.33565114  0.         -0.59076733 -1.65719566  0.        ]
 [ 0.30120763  0.11241675  0.          1.68386826 -0.10614318  0.        ]
 [ 0.7229315   0.09065346  0.         -0.84573662 -0.43860515  0.        ]
 [ 0.42106753 -0.42447212  0.          0.98359017 -1.76361433  0.        ]]

loopendedtriangleslowermax_Body 1:
[[-0.02499585  0.45377242  0.          0.14453941 -0.49428365  0.        ]
 [ 0.58234066 -0.24388547  0.          1.35825383  0.44745637  0.        ]
 [ 0.31774683 -0.09821855  0.         -1.21169932 -0.48880767  0.        ]
 [-0.13411054 -0.55999897  0.          1.00420171  0.29807949  0.        ]
 [-0.0509395  -0.28858295  0.         -1.31998928  1.92983999  0.        ]
 [-0.6181976   0.02259859  0.          0.20522476 -0.03288023  0.        ]
 [ 0.08689256  0.19307947  0.          1.67253476  1.99892479  0.        ]
 [ 0.01113666  0.45249661  0.         -0.52229172  0.0882279   0.        ]
 [ 0.36131474 -0.33750618  0.          0.74692223 -0.74146511  0.        ]
 [ 0.52459725 -0.22585526  0.         -1.60557711  0.82156165  0.        ]]

loopendedtriangleslowermax_Body 2:
[[-0.10436131 -0.76517101  0.         -0.98308349  0.46425844  0.        ]
 [-0.55725421  0.03046369  0.          0.13255675  1.15597143  0.        ]
 [-0.40209483  0.42934508  0.          0.67713977  0.91896706  0.        ]
 [ 0.60515043  0.63970449  0.          0.88286782 -0.4772799   0.        ]
 [ 0.74203962  0.54531703  0.          0.75510225 -0.649894    0.        ]
 [ 0.98956354 -0.25489216  0.         -0.32941485 -1.02002273  0.        ]
 [ 0.46828102 -0.75816638  0.         -1.08176742 -0.34172912  0.        ]
 [ 0.2256135  -0.79434913  0.         -1.16157654  0.01791528  0.        ]
 [-0.54628845  0.01741695  0.          0.09881439  1.18007026  0.        ]
 [-0.40770699  0.42089161  0.          0.62198693  0.94205269  0.        ]]

 output of 10 rows of timestep sizes
0.000000000000000000e+00
8.578947913244414636e-01
3.758090125693172023e-01
1.067665513271644828e+00
1.666685801104774711e-01
8.727916172157335062e-01
6.898174962884833228e-01
2.142791490261011234e-01
1.053019359213242190e+00
3.726803870488124559e-01