ovalswithflourishes lower max
mass: [1. 1. 1.]
start_pos: [[0.7162483  0.38428855 0.        ]
 [0.08617259 1.34279587 0.        ]
 [0.53877798 0.48104988 0.        ]]
start_vel: [[ 1.24526823  2.44431195  0.        ]
 [-0.67522432 -0.96287961  0.        ]
 [-0.57004391 -1.48143234  0.        ]]
f0: [ 0.7162483   0.38428855  0.          0.08617259  1.34279587  0.
  0.53877798  0.48104988  0.          1.24526823  2.44431195  0.
 -0.67522432 -0.96287961  0.         -0.57004391 -1.48143234  0.        ]
f0 shape: (18,)
solver.y at step 0: [ 0.71720429  0.3861816   0.          0.08565094  1.34205112  0.
  0.53834365  0.47990159  0.          1.22824307  2.45373099  0.
 -0.67452149 -0.96409275  0.         -0.55372158 -1.48963824  0.        ]
Step NR. 0, time of run thus far = 0.0008, timestep = 0.001093
Step NR. 100000, time of run thus far = 512.9629, timestep = 0.006598
Body 0 and 2 escaped at t=597.851
Simulation computations lasted 17.86 s
Total timesteps: 653

 output of 10 rows for each body

ovalswithflourisheslowermax_Body 0:
[[ 0.71720429  0.3861816   0.          1.22824307  2.45373099  0.        ]
 [ 0.1270651   1.36447628  0.         -1.18071931  0.43047151  0.        ]
 [-1.11258767  1.29253834  0.         -0.47716133 -0.24660761  0.        ]
 [-1.42901432  0.39242729  0.          0.2548952  -0.28182093  0.        ]
 [ 0.3151744   0.1203477   0.          1.53672455  0.4782002   0.        ]
 [ 0.73056955  0.68136821  0.         -0.47356229  1.9091443   0.        ]
 [-0.59911066  1.44084007  0.         -0.78666002 -0.08236971  0.        ]
 [-1.56085095  0.7928331   0.         -0.05977509 -0.30634243  0.        ]
 [-1.01952639  0.13820224  0.          0.55765297 -0.19577434  0.        ]
 [ 0.6921725   0.34475063  0.          1.56245824  2.18588274  0.        ]]

ovalswithflourisheslowermax_Body 1:
[[ 0.08565094  1.34205112  0.         -0.67452149 -0.96409275  0.        ]
 [ 0.13788947  0.44284578  0.          0.82272711 -0.93495864  0.        ]
 [ 1.46870892  0.88898728  0.         -0.14160568  0.67922066  0.        ]
 [ 1.49402699  0.60197594  0.          0.81077986  0.47849496  0.        ]
 [ 0.2653421   1.52819387  0.         -0.82624538 -0.62523511  0.        ]
 [ 0.00864407  1.20736761  0.         -0.52729374 -1.15758226  0.        ]
 [ 1.05605136  0.13845787  0.          1.47724455  0.50408578  0.        ]
 [ 0.98082731  1.0409565   0.         -0.16049377 -0.39691175  0.        ]
 [ 1.47975569  1.46556357  0.         -0.65338251  0.63001766  0.        ]
 [ 0.09780114  1.35896703  0.         -0.69033427 -0.93614762  0.        ]]

ovalswithflourisheslowermax_Body 2:
[[ 0.53834365  0.47990159  0.         -0.55372158 -1.48963824  0.        ]
 [ 1.07624431  0.40081224  0.          0.35799219  0.50448714  0.        ]
 [ 0.98507762  0.02660868  0.          0.61876701 -0.43261305  0.        ]
 [ 1.2761862   1.21373107  0.         -1.06567506 -0.19667403  0.        ]
 [ 0.76068237  0.55959273  0.         -0.71047917  0.14703491  0.        ]
 [ 0.60198525  0.31939849  0.          1.00085602 -0.75156204  0.        ]
 [ 0.88425817  0.62883637  0.         -0.69058453 -0.42171607  0.        ]
 [ 1.92122251  0.3743447   0.          0.22026885  0.70325418  0.        ]
 [ 0.88096957  0.6043685   0.          0.09572954 -0.43424332  0.        ]
 [ 0.55122524  0.50441665  0.         -0.87212398 -1.24973512  0.        ]]

 output of 10 rows of timestep sizes
0.000000000000000000e+00
7.497667447117123407e-01
1.570633208068086706e+00
3.057137172963105165e+00
2.480912593751667394e+00
3.631017226367294626e-01
1.362163409113721357e+00
2.543951878886341333e+00
2.381736123387470982e+00
1.662237017049832843e+00

loopendedtriangles lower max
mass: [1. 1. 1.]
start_pos: [[ 0.66616375  0.08192185  0.        ]
 [-0.02519266  0.45444858  0.        ]
 [-0.10301329 -0.7658062   0.        ]]
start_vel: [[ 0.84120298  0.02974621  0.        ]
 [ 0.14264247 -0.49231565  0.        ]
 [-0.98384545  0.46256944  0.        ]]
f0: [ 0.66616375  0.08192185  0.         -0.02519266  0.45444858  0.
 -0.10301329 -0.7658062   0.          0.84120298  0.02974621  0.
  0.14264247 -0.49231565  0.         -0.98384545  0.46256944  0.        ]
f0 shape: (18,)
solver.y at step 0: [ 0.66731495  0.08196282  0.         -0.02499585  0.45377242  0.
 -0.10436131 -0.76517101  0.          0.83854408  0.03002521  0.
  0.14453941 -0.49428365  0.         -0.98308349  0.46425844  0.        ]
Step NR. 0, time of run thus far = 0.0014, timestep = 0.006957
Collision between body 0 and 2 at t=103.718
Simulation computations lasted 9.23 s
Total timesteps: 335

 output of 10 rows for each body

loopendedtriangleslowermax_Body 0:
[[ 0.66731495  0.08196282  0.          0.83854408  0.03002521  0.        ]
 [ 0.51287135 -0.016014    0.         -1.49081058 -1.6034278   0.        ]
 [ 0.6223058  -0.5605623   0.          0.53455955 -0.43015939  0.        ]
 [ 0.0669179  -0.30914129  0.         -1.88706953  0.17920042  0.        ]
 [-0.15314233 -0.48616985  0.          0.56488703 -1.27994599  0.        ]
 [ 0.16659186  0.0028578   0.          0.12419009  1.05290297  0.        ]
 [-0.01721579  0.33565114  0.         -0.59076733 -1.65719566  0.        ]
 [ 0.30120763  0.11241675  0.          1.68386826 -0.10614318  0.        ]
 [ 0.7229315   0.09065346  0.         -0.84573662 -0.43860515  0.        ]
 [ 0.42106753 -0.42447212  0.          0.98359017 -1.76361433  0.        ]]

loopendedtriangleslowermax_Body 1:
[[-0.02499585  0.45377242  0.          0.14453941 -0.49428365  0.        ]
 [ 0.58234066 -0.24388547  0.          1.35825383  0.44745637  0.        ]
 [ 0.31774683 -0.09821855  0.         -1.21169932 -0.48880767  0.        ]
 [-0.13411054 -0.55999897  0.          1.00420171  0.29807949  0.        ]
 [-0.0509395  -0.28858295  0.         -1.31998928  1.92983999  0.        ]
 [-0.6181976   0.02259859  0.          0.20522476 -0.03288023  0.        ]
 [ 0.08689256  0.19307947  0.          1.67253476  1.99892479  0.        ]
 [ 0.01113666  0.45249661  0.         -0.52229172  0.0882279   0.        ]
 [ 0.36131474 -0.33750618  0.          0.74692223 -0.74146511  0.        ]
 [ 0.52459725 -0.22585526  0.         -1.60557711  0.82156165  0.        ]]

loopendedtriangleslowermax_Body 2:
[[-0.10436131 -0.76517101  0.         -0.98308349  0.46425844  0.        ]
 [-0.55725421  0.03046369  0.          0.13255675  1.15597143  0.        ]
 [-0.40209483  0.42934508  0.          0.67713977  0.91896706  0.        ]
 [ 0.60515043  0.63970449  0.          0.88286782 -0.4772799   0.        ]
 [ 0.74203962  0.54531703  0.          0.75510225 -0.649894    0.        ]
 [ 0.98956354 -0.25489216  0.         -0.32941485 -1.02002273  0.        ]
 [ 0.46828102 -0.75816638  0.         -1.08176742 -0.34172912  0.        ]
 [ 0.2256135  -0.79434913  0.         -1.16157654  0.01791528  0.        ]
 [-0.54628845  0.01741695  0.          0.09881439  1.18007026  0.        ]
 [-0.40770699  0.42089161  0.          0.62198693  0.94205269  0.        ]]

 output of 10 rows of timestep sizes
0.000000000000000000e+00
8.578947913244414636e-01
3.758090125693172023e-01
1.067665513271644828e+00
1.666685801104774711e-01
8.727916172157335062e-01
6.898174962884833228e-01
2.142791490261011234e-01
1.053019359213242190e+00
3.726803870488124559e-01

panio_trio_O51_05_sub
Step NR. 0, time of run thus far = 0.0019, timestep = 0.008522
Step NR. 1000000, time of run thus far = 2626.2034, timestep = 0.001812
Step NR. 2000000, time of run thus far = 5252.2917, timestep = 0.002967
Step NR. 3000000, time of run thus far = 7878.1648, timestep = 0.005946
Simulation computations lasted 669.16 s
Total timesteps: 1904

Output of 10 rows for each body:

panio_trio_O51_05_sub_Body 0:
[[-9.99420395e-01  1.46586234e-04 -1.02909857e-05  3.03298632e-01
   7.65341579e-02 -5.26580263e-03]
 [-6.71152188e-01  2.03701529e-02  2.76411534e-01 -9.76105070e-02
  -1.15915628e-02  3.09481300e+00]
 [-8.33735268e-01  3.73094981e-02  7.22670078e-01 -7.50246996e-02
  -6.29025504e-02  3.15294661e-02]
 [-6.22786038e-01  1.17558828e-01  9.16895300e-01 -2.40742529e-02
   2.01702598e-03 -3.13667358e-02]
 [-2.17713425e-01  1.37664859e-01  7.31027228e-01  1.10911432e+00
  -3.48181225e-01 -1.04529925e+00]
 [ 4.43325291e-02  1.93811141e-01  7.69969579e-01  6.61354567e-01
   1.53318961e-01  1.26090562e+00]
 [ 3.82577274e-01  3.37089783e-01  9.94540276e-01 -3.95462459e-03
  -4.06680463e-02  5.09972394e-02]
 [ 6.10445925e-01  4.05662796e-01  8.29078184e-01 -7.14596222e-02
  -7.26024471e-03 -2.67053507e-02]
 [ 5.63312535e-01  2.94116054e-01  3.46757960e-01  1.83182412e+00
  -9.75099322e-01 -1.16153698e+00]
 [ 8.78362232e-01  3.92545304e-01  1.45680284e-01  4.11025290e-01
   4.26907317e-02  5.08268809e-02]]

panio_trio_O51_05_sub_Body 1:
[[ 1.00057700e+00  1.46586335e-04  1.06992146e-05  3.00583056e-01
   7.65341614e-02  5.69219200e-03]
 [ 1.02122622e+00 -2.43333536e-02 -2.87161283e-01  8.09645361e-03
  -6.62100648e-04  3.60319628e-02]
 [ 6.52182840e-01 -5.52317090e-02 -3.99534083e-01 -8.67861125e-01
   1.26167346e-02  3.70231039e-01]
 [ 4.00254754e-01 -8.57235324e-02 -5.41129951e-01 -3.97970637e-01
  -1.46566802e-01 -2.28540003e+00]
 [ 2.71087503e-01 -1.76452427e-01 -9.76548301e-01  3.30717133e-02
   5.18988121e-02 -4.75454817e-02]
 [-9.58214316e-03 -2.65350645e-01 -9.92536909e-01  3.97025341e-02
  -1.94543986e-03  2.68270032e-02]
 [-2.44852892e-01 -2.26536908e-01 -5.67302221e-01 -1.83825535e+00
   1.12881359e+00  1.16002473e+00]
 [-5.14275592e-01 -3.08896738e-01 -5.05692027e-01 -6.93308877e-01
  -1.33547182e-01 -5.00377049e-01]
 [-8.51693173e-01 -4.53212499e-01 -4.24406092e-01 -1.99721294e-02
   2.92706435e-02 -4.52552509e-02]
 [-8.98299052e-01 -4.70446495e-01 -1.51208029e-01  2.01339039e-01
   6.88324329e-02  1.17807661e-02]]

panio_trio_O51_05_sub_Body 2:
[[-2.31321806e-03 -5.86345338e-04  2.42550174e-01 -1.20776338e+00
  -3.06136639e-01 -8.52778752e-04]
 [-7.00148061e-01  7.92640109e-03  2.64050490e-01  1.79028107e-01
   2.45073269e-02 -6.26168993e+00]
 [ 3.63104855e-01  3.58444217e-02 -4.03721000e-01  1.88577165e+00
   1.00571631e-01 -8.03521011e-01]
 [ 4.45062568e-01 -6.36705925e-02 -5.08979707e-01  8.44089779e-01
   2.89099552e-01  4.63353354e+00]
 [-1.06748156e-01  7.75751363e-02  7.33593137e-01 -2.28437206e+00
   5.92564825e-01  2.18568946e+00]
 [-6.95007721e-02  1.43079008e-01  6.87685651e-01 -1.40211420e+00
  -3.02747042e-01 -2.57546524e+00]
 [-2.75448763e-01 -2.21105750e-01 -6.11925119e-01  3.68441994e+00
  -2.17629108e+00 -2.42204395e+00]
 [-1.92340667e-01 -1.93532116e-01 -4.04221324e-01  1.52953700e+00
   2.81614854e-01  1.05416480e+00]
 [ 5.76761277e-01  3.18192890e-01  3.97847254e-01 -3.62370399e+00
   1.89165736e+00  2.41358446e+00]
 [ 3.98736393e-02  1.55802380e-01  2.53606481e-01 -1.22472866e+00
  -2.23046329e-01 -1.25215294e-01]]
0.000000000000000000e+00
5.179131466163095610e+00
5.576174433534383468e+00
4.787033426181203311e+00
5.626259081669603646e+00
4.752043404024270501e+00
5.625809445827421484e+00
4.799781926744245197e+00
5.562643567928553523e+00
5.063259944538032187e+00

panio_trio_O51_05_add
Step NR. 0, time of run thus far = 0.0019, timestep = 0.008522
Step NR. 1000000, time of run thus far = 2626.2034, timestep = 0.001812
Step NR. 2000000, time of run thus far = 5252.2917, timestep = 0.002967
Step NR. 3000000, time of run thus far = 7878.1648, timestep = 0.005946
Simulation computations lasted 566.56 s
Total timesteps: 1904

Output of 10 rows for each body:

panio_trio_O51_05_add_Body 0:
[[-9.99420395e-01  1.46586434e-04 -1.02907857e-05  3.03298632e-01
   7.65341579e-02 -5.26580263e-03]
 [-6.71152188e-01  2.03701530e-02  2.76411534e-01 -9.76105343e-02
  -1.15915834e-02  3.09481299e+00]
 [-8.33735268e-01  3.73094980e-02  7.22670078e-01 -7.50246979e-02
  -6.29025504e-02  3.15294647e-02]
 [-6.22786038e-01  1.17558828e-01  9.16895300e-01 -2.40742530e-02
   2.01702601e-03 -3.13667357e-02]
 [-2.17713425e-01  1.37664859e-01  7.31027228e-01  1.10911432e+00
  -3.48181224e-01 -1.04529925e+00]
 [ 4.43325293e-02  1.93811141e-01  7.69969579e-01  6.61354570e-01
   1.53318964e-01  1.26090562e+00]
 [ 3.82577274e-01  3.37089783e-01  9.94540276e-01 -3.95462463e-03
  -4.06680463e-02  5.09972392e-02]
 [ 6.10445925e-01  4.05662796e-01  8.29078184e-01 -7.14596238e-02
  -7.26024557e-03 -2.67053528e-02]
 [ 5.63312534e-01  2.94116054e-01  3.46757960e-01  1.83182412e+00
  -9.75099338e-01 -1.16153701e+00]
 [ 8.78362234e-01  3.92545305e-01  1.45680285e-01  4.11025285e-01
   4.26907301e-02  5.08268811e-02]]

panio_trio_O51_05_add_Body 1:
[[ 1.00057700e+00  1.46586335e-04  1.06992146e-05  3.00583056e-01
   7.65341614e-02  5.69219200e-03]
 [ 1.02122622e+00 -2.43333535e-02 -2.87161283e-01  8.09645357e-03
  -6.62100521e-04  3.60319627e-02]
 [ 6.52182836e-01 -5.52317089e-02 -3.99534081e-01 -8.67861151e-01
   1.26167425e-02  3.70231040e-01]
 [ 4.00254754e-01 -8.57235320e-02 -5.41129950e-01 -3.97970678e-01
  -1.46566822e-01 -2.28540006e+00]
 [ 2.71087503e-01 -1.76452427e-01 -9.76548301e-01  3.30717133e-02
   5.18988120e-02 -4.75454817e-02]
 [-9.58214357e-03 -2.65350645e-01 -9.92536909e-01  3.97025342e-02
  -1.94544006e-03  2.68270032e-02]
 [-2.44852893e-01 -2.26536907e-01 -5.67302221e-01 -1.83825537e+00
   1.12881359e+00  1.16002470e+00]
 [-5.14275595e-01 -3.08896739e-01 -5.05692030e-01 -6.93308856e-01
  -1.33547176e-01 -5.00377041e-01]
 [-8.51693173e-01 -4.53212499e-01 -4.24406092e-01 -1.99721294e-02
   2.92706435e-02 -4.52552509e-02]
 [-8.98299050e-01 -4.70446494e-01 -1.51208029e-01  2.01339042e-01
   6.88324348e-02  1.17807672e-02]]

panio_trio_O51_05_add_Body 2:
[[-2.31321806e-03 -5.86345338e-04  2.42550174e-01 -1.20776338e+00
  -3.06136639e-01 -8.52778752e-04]
 [-7.00148061e-01  7.92640125e-03  2.64050489e-01  1.79028161e-01
   2.45073678e-02 -6.26168991e+00]
 [ 3.63104864e-01  3.58444221e-02 -4.03721003e-01  1.88577170e+00
   1.00571616e-01 -8.03521009e-01]
 [ 4.45062568e-01 -6.36705923e-02 -5.08979709e-01  8.44089862e-01
   2.89099592e-01  4.63353360e+00]
 [-1.06748156e-01  7.75751365e-02  7.33593137e-01 -2.28437207e+00
   5.92564823e-01  2.18568946e+00]
 [-6.95007713e-02  1.43079008e-01  6.87685651e-01 -1.40211421e+00
  -3.02747047e-01 -2.57546524e+00]
 [-2.75448762e-01 -2.21105750e-01 -6.11925120e-01  3.68442000e+00
  -2.17629109e+00 -2.42204388e+00]
 [-1.92340659e-01 -1.93532114e-01 -4.04221318e-01  1.52953696e+00
   2.81614842e-01  1.05416479e+00]
 [ 5.76761278e-01  3.18192890e-01  3.97847254e-01 -3.62370398e+00
   1.89165739e+00  2.41358453e+00]
 [ 3.98736315e-02  1.55802378e-01  2.53606480e-01 -1.22472865e+00
  -2.23046330e-01 -1.25215296e-01]]
0.000000000000000000e+00
5.179131464980939903e+00
5.576174436851540683e+00
4.787033419903728770e+00
5.626259080490326525e+00
4.752043402810176786e+00
5.625809444922513336e+00
4.799781930999330370e+00
5.562643560693238953e+00
5.063259950028140111e+00

panio_trio_O51_05_sub
Step NR. 0, time of run thus far = 0.0019, timestep = 0.008522
Step NR. 1000000, time of run thus far = 2626.2034, timestep = 0.001812
Step NR. 2000000, time of run thus far = 5252.2917, timestep = 0.002967
Step NR. 3000000, time of run thus far = 7878.1648, timestep = 0.005946
Simulation computations lasted 661.00 s
Total timesteps: 1904

Output of 10 rows for each body:

panio_trio_O51_05_sub_Body 0:
[[-9.99420395e-01  1.46586334e-04 -1.02908857e-05  3.03298632e-01
   7.65341579e-02 -5.26580263e-03]
 [-6.71152188e-01  2.03701530e-02  2.76411534e-01 -9.76106284e-02
  -1.15916194e-02  3.09481295e+00]
 [-8.33735269e-01  3.73094969e-02  7.22670079e-01 -7.50246924e-02
  -6.29025506e-02  3.15294602e-02]
 [-6.22786038e-01  1.17558828e-01  9.16895300e-01 -2.40742526e-02
   2.01702592e-03 -3.13667362e-02]
 [-2.17713419e-01  1.37664857e-01  7.31027223e-01  1.10911446e+00
  -3.48181300e-01 -1.04529925e+00]
 [ 4.43325354e-02  1.93811142e-01  7.69969591e-01  6.61354408e-01
   1.53318890e-01  1.26090550e+00]
 [ 3.82577274e-01  3.37089783e-01  9.94540276e-01 -3.95462517e-03
  -4.06680468e-02  5.09972379e-02]
 [ 6.10445922e-01  4.05662796e-01  8.29078183e-01 -7.14596353e-02
  -7.26025346e-03 -2.67053679e-02]
 [ 5.63312541e-01  2.94116050e-01  3.46757956e-01  1.83182425e+00
  -9.75099099e-01 -1.16153651e+00]
 [ 8.78362315e-01  3.92545313e-01  1.45680295e-01  4.11025120e-01
   4.26906748e-02  5.08268894e-02]]

panio_trio_O51_05_sub_Body 1:
[[ 1.00057700e+00  1.46586335e-04  1.06992146e-05  3.00583056e-01
   7.65341614e-02  5.69219200e-03]
 [ 1.02122622e+00 -2.43333535e-02 -2.87161283e-01  8.09645346e-03
  -6.62100581e-04  3.60319628e-02]
 [ 6.52182823e-01 -5.52317087e-02 -3.99534075e-01 -8.67861232e-01
   1.26167672e-02  3.70231041e-01]
 [ 4.00254754e-01 -8.57235324e-02 -5.41129954e-01 -3.97970513e-01
  -1.46566741e-01 -2.28539994e+00]
 [ 2.71087503e-01 -1.76452427e-01 -9.76548301e-01  3.30717127e-02
   5.18988124e-02 -4.75454795e-02]
 [-9.58214299e-03 -2.65350645e-01 -9.92536909e-01  3.97025341e-02
  -1.94543888e-03  2.68270074e-02]
 [-2.44852899e-01 -2.26536904e-01 -5.67302217e-01 -1.83825568e+00
   1.12881365e+00  1.16002425e+00]
 [-5.14275625e-01 -3.08896745e-01 -5.05692051e-01 -6.93308696e-01
  -1.33547116e-01 -5.00376984e-01]
 [-8.51693173e-01 -4.53212499e-01 -4.24406092e-01 -1.99721280e-02
   2.92706442e-02 -4.52552502e-02]
 [-8.98299011e-01 -4.70446481e-01 -1.51208027e-01  2.01339139e-01
   6.88324913e-02  1.17807973e-02]]

panio_trio_O51_05_sub_Body 2:
[[-2.31321806e-03 -5.86345338e-04  2.42550174e-01 -1.20776338e+00
  -3.06136639e-01 -8.52778752e-04]
 [-7.00148061e-01  7.92640117e-03  2.64050488e-01  1.79028350e-01
   2.45074399e-02 -6.26168983e+00]
 [ 3.63104892e-01  3.58444236e-02 -4.03721015e-01  1.88577185e+00
   1.00571567e-01 -8.03521003e-01]
 [ 4.45062569e-01 -6.36705920e-02 -5.08979702e-01  8.44089531e-01
   2.89099430e-01  4.63353336e+00]
 [-1.06748168e-01  7.75751394e-02  7.33593148e-01 -2.28437235e+00
   5.92564976e-01  2.18568945e+00]
 [-6.95007848e-02  1.43079005e-01  6.87685627e-01 -1.40211389e+00
  -3.02746903e-01 -2.57546501e+00]
 [-2.75448750e-01 -2.21105757e-01 -6.11925128e-01  3.68442061e+00
  -2.17629120e+00 -2.42204297e+00]
 [-1.92340593e-01 -1.93532102e-01 -4.04221272e-01  1.52953666e+00
   2.81614738e-01  1.05416470e+00]
 [ 5.76761264e-01  3.18192897e-01  3.97847263e-01 -3.62370424e+00
   1.89165691e+00  2.41358351e+00]
 [ 3.98733929e-02  1.55802335e-01  2.53606456e-01 -1.22472852e+00
  -2.23046332e-01 -1.25215373e-01]]
0.000000000000000000e+00
5.179131465862334416e+00
5.576174452255869163e+00
4.787033407041038302e+00
5.626259084798755694e+00
4.752043407697360777e+00
5.625809439412318369e+00
4.799781971404318170e+00
5.562643522161422993e+00
5.063260141493636013e+00
unknown text editor: 3f5c24f8-a6cf-40f2-9b51-08879d8fb2dc. known editors: 84dfea6e-32ee-4fa5-b6f3-fe60386f3473 